100 400
1 8 0 2
2 8 30 1
3 9 0 3
4 9 15 2
5 10 0 1
6 10 30 2
7 11 0 3
8 11 30 1
9 12 0 2
10 12 30 3
11 13 0 1
12 13 30 2
13 14 0 3
14 14 30 1
15 15 0 2
16 15 30 3
17 16 0 1
18 16 30 2
19 17 0 3
20 17 30 1
21 18 0 2
22 18 30 3
23 19 0 1
24 19 30 2
25 20 0 3
26 20 30 1
27 21 0 2
28 21 30 3
29 22 0 1
30 22 30 2
31 23 0 3
32 23 30 1
33 8 0 1
34 8 30 2
35 9 0 3
36 9 15 1
37 10 0 2
38 10 30 3
39 11 0 1
40 11 30 2
41 12 0 3
42 12 30 1
43 13 0 2
44 13 30 3
45 14 0 1
46 14 30 2
47 15 0 3
48 15 30 1
49 16 0 2
50 16 30 3
51 17 0 1
52 17 30 2
53 18 0 3
54 18 30 1
55 19 0 2
56 19 30 3
57 20 0 1
58 20 30 2
59 21 0 3
60 21 30 1
61 22 0 2
62 22 30 3
63 23 0 1
64 23 30 2
65 8 0 3
66 8 30 1
67 9 0 2
68 9 15 3
69 10 0 1
70 10 30 2
71 11 0 3
72 11 30 1
73 12 0 2
74 12 30 3
75 13 0 1
76 13 30 2
77 14 0 3
78 14 30 1
79 15 0 2
80 15 30 3
81 16 0 1
82 16 30 2
83 17 0 3
84 17 30 1
85 18 0 2
86 18 30 3
87 19 0 1
88 19 30 2
89 20 0 3
90 20 30 1
91 21 0 2
92 21 30 3
93 22 0 1
94 22 30 2
95 23 0 3
96 23 30 1
97 8 0 2
98 8 30 3
99 9 0 1
100 9 15 2
101 10 0 3
102 10 30 1
103 11 0 2
104 11 30 3
105 12 0 1
106 12 30 2
107 13 0 3
108 13 30 1
109 14 0 2
110 14 30 3
111 15 0 1
112 15 30 2
113 16 0 3
114 16 30 1
115 17 0 2
116 17 30 3
117 18 0 1
118 18 30 2
119 19 0 3
120 19 30 1
121 20 0 2
122 20 30 3
123 21 0 1
124 21 30 2
125 22 0 3
126 22 30 1
127 23 0 2
128 23 30 3
129 8 0 3
130 8 30 1
131 9 0 2
132 9 15 3
133 10 0 1
134 10 30 2
135 11 0 3
136 11 30 1
137 12 0 2
138 12 30 3
139 13 0 1
140 13 30 2
141 14 0 3
142 14 30 1
143 15 0 2
144 15 30 3
145 16 0 1
146 16 30 2
147 17 0 3
148 17 30 1
149 18 0 2
150 18 30 3
151 19 0 1
152 19 30 2
153 20 0 3
154 20 30 1
155 21 0 2
156 21 30 3
157 22 0 1
158 22 30 2
159 23 0 3
160 23 30 1
161 8 0 1
162 8 30 2
163 9 0 3
164 9 15 1
165 10 0 2
166 10 30 3
167 11 0 1
168 11 30 2
169 12 0 3
170 12 30 1
171 13 0 2
172 13 30 3
173 14 0 1
174 14 30 2
175 15 0 3
176 15 30 1
177 16 0 2
178 16 30 3
179 17 0 1
180 17 30 2
181 18 0 3
182 18 30 1
183 19 0 2
184 19 30 3
185 20 0 1
186 20 30 2
187 21 0 3
188 21 30 1
189 22 0 2
190 22 30 3
191 23 0 1
192 23 30 2
193 8 0 3
194 8 30 1
195 9 0 2
196 9 15 3
197 10 0 1
198 10 30 2
199 11 0 3
200 11 30 1
201 12 0 2
202 12 30 3
203 13 0 1
204 13 30 2
205 14 0 3
206 14 30 1
207 15 0 2
208 15 30 3
209 16 0 1
210 16 30 2
211 17 0 3
212 17 30 1
213 18 0 2
214 18 30 3
215 19 0 1
216 19 30 2
217 20 0 3
218 20 30 1
219 21 0 2
220 21 30 3
221 22 0 1
222 22 30 2
223 23 0 3
224 23 30 1
225 8 0 1
226 8 30 2
227 9 0 3
228 9 15 1
229 10 0 2
230 10 30 3
231 11 0 1
232 11 30 2
233 12 0 3
234 12 30 1
235 13 0 2
236 13 30 3
237 14 0 1
238 14 30 2
239 15 0 3
240 15 30 1
241 16 0 2
242 16 30 3
243 17 0 1
244 17 30 2
245 18 0 3
246 18 30 1
247 19 0 2
248 19 30 3
249 20 0 1
250 20 30 2
251 21 0 3
252 21 30 1
253 22 0 2
254 22 30 3
255 23 0 1
256 23 30 2
257 8 0 2
258 8 30 3
259 9 0 1
260 9 15 2
261 10 0 3
262 10 30 1
263 11 0 2
264 11 30 3
265 12 0 1
266 12 30 2
267 13 0 3
268 13 30 1
269 14 0 2
270 14 30 3
271 15 0 1
272 15 30 2
273 16 0 3
274 16 30 1
275 17 0 2
276 17 30 3
277 18 0 1
278 18 30 2
279 19 0 3
280 19 30 1
281 20 0 2
282 20 30 3
283 21 0 1
284 21 30 2
285 22 0 3
286 22 30 1
287 23 0 2
288 23 30 3
289 8 0 1
290 8 30 2
291 9 0 3
292 9 15 1
293 10 0 2
294 10 30 3
295 11 0 1
296 11 30 2
297 12 0 3
298 12 30 1
299 13 0 2
300 13 30 3
301 14 0 1
302 14 30 2
303 15 0 3
304 15 30 1
305 16 0 2
306 16 30 3
307 17 0 1
308 17 30 2
309 18 0 3
310 18 30 1
311 19 0 2
312 19 30 3
313 20 0 1
314 20 30 2
315 21 0 3
316 21 30 1
317 22 0 2
318 22 30 3
319 23 0 1
320 23 30 2
321 8 0 2
322 8 30 3
323 9 0 1
324 9 15 2
325 10 0 3
326 10 30 1
327 11 0 2
328 11 30 3
329 12 0 1
330 12 30 2
331 13 0 3
332 13 30 1
333 14 0 2
334 14 30 3
335 15 0 1
336 15 30 2
337 16 0 3
338 16 30 1
339 17 0 2
340 17 30 3
341 18 0 1
342 18 30 2
343 19 0 3
344 19 30 1
345 20 0 2
346 20 30 3
347 21 0 1
348 21 30 2
349 22 0 3
350 22 30 1
351 23 0 2
352 23 30 3
353 8 0 1
354 8 30 2
355 9 0 3
356 9 15 1
357 10 0 2
358 10 30 3
359 11 0 1
360 11 30 2
361 12 0 3
362 12 30 1
363 13 0 2
364 13 30 3
365 14 0 1
366 14 30 2
367 15 0 3
368 15 30 1
369 16 0 2
370 16 30 3
371 17 0 1
372 17 30 2
373 18 0 3
374 18 30 1
375 19 0 2
376 19 30 3
377 20 0 1
378 20 30 2
379 21 0 3
380 21 30 1
381 22 0 2
382 22 30 3
383 23 0 1
384 23 30 2
385 8 0 2
386 8 30 3
387 9 0 1
388 9 15 2
389 10 0 3
390 10 30 1
391 11 0 2
392 11 30 3
393 12 0 1
394 12 30 2
395 13 0 3
396 13 30 1
397 14 0 2
398 14 30 3
399 15 0 1
400 15 30 2
